0
0
0
0
0
0
0
0
0
0
0
0
0
0
0
0
0
0
0
0
0
0
0
0
0
0
0
0
0
0
0
0
0
0
0
0
0
0
0
0
0
0
0
0
0
0
0
0
0
0
0
0
0
0
0
0
0
0
0
0
0
0
0
0
0
1
0
0
0
0
0
0
0
0
0
0
0
0
0
0
0
0
0
0
0
0
0
0
0
0
0
0
0
0
0
0
0
0
0
0
0
0
0
0
0
0
0
0
0
0
0
0
0
0
0
0
0
0
0
0
0
0
0
0
0
0
0
0
0
0
112
-116
23
-126
-45
27
120
115
-27
-118
1
-75
15
-38
-86
-94
-128
-128
33
35
-60
-29
106
-11
-33
28
-67
-5
62
80
-97
102
97
32
122
-44
125
104
41
-78
27
99
101
70
-86
-29
94
-68
-52
-13
-43
-103
-116
-90
-117
-93
-63
79
64
36
-101
-119
76
-7
-62
-28
-104
120
102
-32
-45
-90
118
50
-48
125
90
-19
104
101
-39
81
-124
12
38
113
-54
-22
-72
-65
-5
-68
76
-2
45
20
67
-100
-12
-25
-97
-61
3
-51
49
-48
-9
19
-85
-19
-44
108
12
-67
31
85
90
-23
-61
-74
-119
108
-117
80
86
9
-114
-24
31
98
-13
-25
-28
99
37
86
51
-109
22
-57
74
-2
37
-118
-126
11
-16
90
-1
126
-37
-14
-71
85
-18
-46
41
3
-118
-120
77
-78
-99
82
49
-31
42
12
6
-90
126
106
109
97
-45
-92
-29
114
-2
108
46
-68
-119
18
42
123
-68
77
-85
-21
35
-58
-26
-71
-96
