0
0
0
0
0
0
0
0
0
0
0
0
0
0
0
0
0
0
0
0
0
0
0
0
0
0
0
0
0
0
0
0
0
0
0
0
0
0
0
0
0
0
0
0
0
0
0
0
0
0
0
0
0
0
0
0
0
0
0
0
0
0
0
0
0
0
0
0
0
0
0
0
0
0
0
0
0
0
0
0
0
0
0
0
0
0
0
0
0
0
0
0
0
0
0
0
0
0
0
0
0
0
0
0
0
0
0
0
0
0
0
0
0
0
0
0
0
0
0
0
0
0
0
0
0
0
0
0
0
0
1
2
0
0
0
0
0
0
0
0
0
0
0
0
0
0
0
0
0
0
0
0
0
0
0
0
0
0
0
0
0
0
0
0
0
0
0
0
0
0
0
0
0
0
0
0
0
0
0
0
0
0
0
0
0
0
0
0
0
0
0
0
0
0
0
0
0
0
0
0
0
0
0
0
0
0
0
0
0
0
0
0
0
0
0
0
0
0
0
0
0
0
0
0
0
0
0
0
0
0
0
0
0
0
0
0
0
0
0
0
0
0
0
0
0
0
0
0
0
0
0
0
0
0
0
0
0
0
0
0
-22677
12907
1658
25058
-5225
-10170
-18258
13036
30010
-16364
21532
29736
16527
7539
15320
5245
24442
10723
648
27885
-8469
-661
11491
-6007
-17766
-7928
-17802
-10135
-16180
19870
-30978
-10250
4873
-22688
-10781
-26846
-7197
2808
16529
14712
11595
11992
-12340
-17921
24081
28788
16181
-4754
26745
-23958
18839
-13010
12048
5564
25549
-20716
2104
-23122
31531
-4378
-3078
17131
9187
22539
11047
-26625
8898
20213
-7723
-6573
25904
21298
29372
10285
18798
-3036
-21497
-9883
-28582
-17450
-24169
-31278
29009
-7055
15306
24996
4071
-6601
-19124
-17112
651
3358
23942
6828
-20383
20059
16540
2691
3029
-30837
-14036
-18856
-26955
10810
2853
12889
-21539
6133
10875
16362
-15939
7229
15237
10970
-18361
756
3651
-12456
19461
-15596
-28430
-23518
30574
-26912
-9841
-9821
-7491
9174
28995
15359
-32301
1535
12240
-29883
9964
11138
-12171
27203
8255
28295
27892
-9806
-4669
-15157
13975
29366
-17502
11644
6259
14576
-27335
16187
26935
-5742
13205
-9895
30290
8766
-7732
1196
32058
-26728
12454
-32365
-25834
-10026
6781
-9715
22060
-13639
-14527
4075
-22607
6585
22526
10377
-10235
24655
97
-5989
4699
-23653
15380
3058
20575
5615
7401
9806
8549
-15400
-31185
9103
-9184
-4661
-22350
3829
-769
21892
14897
25136
-12644
-19538
-19883
-24982
-783
-8309
20081
23201
24360
-4221
-17251
17385
5961
-16660
5607
-14995
8733
-11658
16055
12123
-27398
-30213
-9318
15603
4698
-5207
-14317
-13445
29043
6597
25650
27856
12334
-20101
7414
16838
2602
-6529
19151
12705
-1346
11366
-7997
9545
789
-23539
28163
26131
18651
20587
-23817
-24264
-31457
19356
-7666
23116
17999
-11753
25563
-14237
15243
-180
7495
12964
-25957
-31715
-6682
-7557
-19120
29945
21432
-21836
-472
-30079
24793
-11226
3939
-10998
14069
-1605
-15627
-4010
27525
-268
3324
14942
-28900
-10928
5546
27921
12626
13847
711
16459
25109
-12428
-976
26232
18543
-23300
14864
19371
-25090
-29462
22187
31762
-16964
-15177
-20253
31753
31692
-28435
26616
10564
11111
-17094
23573
29139
3876
-25801
-21863
19177
-4295
-12441
20563
22190
-18332
-10918
-2290
-27246
-10848
-23302
30485
-11051
28128
19570
16556
18765
-12703
-23750
-19315
-5489
4439
29732
28137
-20472
-32760
-25205
-23670
-14664
18071
-20489
4364
13187
-12535
-31536
19529
7010
-32680
8192
1640
6105
-21103
-3942
31555
-27773
14413
11741
15609
10137
-14062
-24779
-25367
22717
-30879
-26869
11898
-8582
-5508
18821
17236
-10696
-27855
-3700
-13320
-8292
7728
26549
-17686
9614
