1638    
10766   
18163   
24175   
28253   
31310   
32767   
28506   
23905   
16785   
9943    
-983    
-7643   
-18755  
-25227  
-30441  
-31729  
-31007  
-31300  
-23707  
-16564  
-8298   
-660    
7365    
1390    
7862    
19017   
24270   
28616   
32767   
30831   
28956   
26448   
18957   
7814    
-598    
-8063   
-18004  
-24696  
-29607  
-32767  
-30928  
-31566  
-25307  
-18946  
-9477   
-1153   
7797    
201     
10165   
16922   
24179   
29043   
32767   
32767   
30644   
24048   
17712   
8987    
-196    
-8970   
-17386  
-23331  
-29787  
-31381  
-32767  
-30255  
-23445  
-17462  
-9833   
-1044   
10345   
768     
9339    
16574   
25610   
29366   
32767   
32375   
28853   
25426   
16591   
8770    
-573    
-8197   
-18044  
-25076  
-31099  
-32767  
-32486  
-29733  
-24427  
-18410  
-8573   
-1864   
8646    
-124    
8999    
18106   
24761   
30778   
32081   
31996   
29940   
24066   
17349   
7879    
-1042   
-9917   
-19048  
-25040  
-29041  
-31524  
-31773  
-31402  
-24109  
-18649  
-9816   
331     
9836    
-1127   
8009    
17824   
24368   
29344   
32767   
32767   
29190   
25672   
18548   
9832    
1365    
-10194  
-18998  
-23549  
-30236  
-31405  
-32767  
-30296  
-25801  
-19458  
-9177   
-2033   
7866    
-227    
10253   
17245   
23708   
30902   
32094   
31931   
30271   
23834   
17729   
7855    
-1172   
-10010  
-16021  
-23589  
-30103  
-31089  
-31381  
-30023  
-24073  
-17308  
-8247   
1105    
7762    
-136    
7766    
16961   
24589   
28869   
32767   
32767   
29491   
25341   
18787   
8088    
1205    
-10479  
-18681  
-25202  
-28816  
-31986  
-32767  
-29600  
-25167  
-18811  
-10978  
89      
9897    
-1082   
8824    
16714   
26194   
28987   
32085   
30989   
30824   
23597   
17946   
9962    
-1014   
-9462   
-17495  
-24948  
-29868  
-31778  
-32767  
-29011  
-23820  
-17282  
-10271  
383     
7619    
-574    
10330   
18177   
24348   
30043   
31451   
32767   
29721   
25391   
16998   
10409   
-623    
-9103   
-17333  
-23582  
-30500  
-31705  
-31508  
-30402  
-24468  
-18938  
-9419   
933     
8160    
-1542   
8189    
18796   
25704   
29959   
31133   
31493   
28446   
26377   
18756   
9556    
886     
-8696   
-17710  
-25813  
-30941  
-32767  
-31818  
-30013  
-25255  
-17953  
-10100  
-759    
8291    
491     
9025    
16803   
24183   
31396   
32657   
30922   
31285   
24103   
18407   
10855   
-845    
-8706   
-16023  
-25889  
-29027  
-31135  
-32157  
-31432  
-24725  
-18392  
-10441  
-2033   
9649    
445     
9841    
16157   
24808   
30062   
32767   
31156   
31305   
23746   
18454   
9929    
987     
-10540  
-18937  
-25793  
-29587  
-32046  
-32767  
-30061  
-25242  
-16800  
-8348   
-325    
8218    
-420    
10594   
16487   
23954   
28810   
32767   
31156   
31229   
23984   
19372   
9569    
660     
-10262  
-16830  
-23673  
-28176  
-32767  
-32767  
-30280  
-26414  
-16644  
-10454  
681     
8610    
1147    
10738   
18224   
25990   
30482   
32604   
32767   
30170   
26030   
19304   
10389   
-964    
-7569   
-17440  
-26116  
-29349  
-31413  
-32767  
-31246  
-25227  
-17783  
-10449  
833     
7219    
1103    
9516    
17715   
25140   
28708   
32767   
30983   
29828   
24107   
17420   
10969   
1411    
-10431  
-16508  
-25738  
-28775  
-32687  
-32767  
-30146  
-25664  
-17272  
-10131  
-1732   
7346    
1311    
8154    
16514   
24740   
29140   
32228   
31474   
29304   
24937   
16866   
8410    
1108    
-7681   
-18165  
-24752  
-29178  
-31908  
-31548  
-29175  
-26224  
-17156  
-8631   
425     
9219    
-767    
9786    
17029   
25039   
29964   
32767   
31377   
29008   
24335   
16635   
8306    
-1364   
-9495   
-18630  
-25890  
-30807  
-31422  
-32767  
-28773  
-24019  
-19600  
-9202   
643     
10345   
8       
7666    
17233   
23464   
28635   
32004   
32767   
30431   
25524   
19108   
8103    
1043    
-7890   
-16753  
-26163  
-29923  
-32556  
-32767  
-30833  
-26173  
-18508  
-9905   
708     
7486    
1343    
7694    
18073   
23199   
30781   
31987   
32609   
30006   
23523   
17559   
10925   
1576    
-8972   
-17827  
-23180  
-29585  
-32767  
-31235  
-28482  
-25680  
-19397  
-9054   
979     
10076   
-1515   
10587   
18097   
23703   
28452   
32571   
31379   
30454   
25601   
18374   
10473   
869     
-7870   
-18644  
-25770  
-29909  
-31964  
-31303  
-31535  
-25081  
-18180  
-8477   
-368    
9421    
-1266   
8478    
16800   
25517   
30316   
31768   
32767   
30415   
24353   
17747   
9676    
-848    
-10366  
-19013  
-24700  
-30443  
-32767  
-32632  
-29009  
-25632  
-18301  
-10424  
769     
9265    
-941    
9228    
16606   
26064   
28600   
32767   
32767   
30206   
25251   
18017   
8520    
-595    
-10461  
-17028  
-22983  
-30998  
-32767  
-32767  
-28572  
-23918  
-18374  
-9286   
-701    
8696    
-236    
7646    
16805   
23572   
30659   
30906   
32767   
30642   
24734   
18760   
8721    
-1291   
-9342   
-17722  
-25036  
-30613  
-31459  
-32689  
-28709  
-26460  
-19081  
-8931   
-596    
8016    
-237    
9221    
16397   
23797   
31060   
32228   
31730   
31171   
26319   
17468   
9386    
-177    
-9770   
-16549  
-23841  
-29303  
-30762  
-32767  
-31080  
-23727  
-19121  
-9366   
-786    
8278    
1399    
9766    
16186   
24530   
29296   
32654   
30931   
31119   
23962   
16758   
8994    
193     
-9702   
-16333  
-22977  
-29270  
-31926  
-32767  
-28831  
-25016  
-19621  
-10565  
-83     
7507    
-1357   
7619    
