5085
1017
6685
11278
15012
17544
19442
20347
17701
14844
10423
6174
-610
-4746
-11646
-15665
-18903
-19702
-19254
-19436
-14721
-10286
-5153
-410
4573
863
4882
11809
15071
17769
20347
19145
17980
16423
11771
4852
-371
-5007
-11180
-15335
-18385
-20347
-19205
-19601
-15715
-11765
-5885
-716
4842
125
6312
10508
15014
18034
20347
20347
19029
14933
10998
5581
-122
-5570
-10796
-14488
-18496
-19486
-20347
-18787
-14558
-10843
-6106
-648
6424
477
5799
10292
15903
18235
20347
20103
17916
15788
10302
5446
-356
-5090
-11205
-15571
-19311
-20347
-20172
-18463
-15168
-11432
-5323
-1157
5369
-77
5588
11243
15376
19112
19921
19868
18591
14944
10773
4893
-647
-6158
-11828
-15549
-18033
-19575
-19730
-19499
-14971
-11580
-6095
206
6108
-700
4973
11068
15131
18221
20347
20347
18126
15941
11517
6105
848
-6330
-11797
-14623
-18775
-19501
-20347
-18812
-16021
-12083
-5699
-1262
4884
-141
6367
10708
14722
19189
19929
19828
18797
14800
11009
4878
-728
-6216
-9948
-14648
-18693
-19305
-19486
-18643
-14948
-10748
-5121
686
4820
-84
4822
10532
15269
17926
20347
20347
18313
15736
11666
5022
748
-6507
-11600
-15649
-17893
-19862
-20347
-18380
-15628
-11681
-6817
55
6146
-672
5479
10379
16265
18000
19923
19243
19140
14653
11144
6186
-630
-5875
-10864
-15492
-18547
-19733
-20347
-18015
-14791
-10731
-6378
238
4731
-356
6414
11287
15119
18655
19530
20347
18455
15767
10555
6464
-387
-5653
-10763
-14643
-18939
-19687
-19565
-18878
-15194
-11760
-5849
579
5067
-958
5085
11671
15961
18603
19332
19556
17664
16379
11647
5934
550
-5400
-10997
-16029
-19213
-20347
-19758
-18637
-15682
-11148
-6272
-471
5148
305
5604
10434
15017
19496
20279
19201
19427
14967
11430
6740
-525
-5406
-9950
-16076
-18025
-19333
-19968
-19518
-15353
-11421
-6483
-1262
5992
276
6111
10033
15405
18667
20347
19347
19439
14745
11459
6165
613
-6545
-11759
-16016
-18372
-19899
-20347
-18667
-15674
-10432
-5184
-202
5103
-261
6578
10238
14874
17890
20347
19347
19392
14893
12029
5942
410
-6372
-10451
-14700
-17496
-20347
-20347
-18803
-16402
-10335
-6491
423
5346
712
6668
11316

