0       
0       
0       
0       
0       
-2      
-6      
-11     
-18     
-27     
-41     
-63     
-90     
-125    
-170    
-228    
-297    
-383    
-482    
-598    
-733    
753     
1429    
1100    
787     
512     
1599    
3907    
2643    
3652    
4132    
6315    
5158    
8279    
6202    
7352    
7768    
9708    
11039   
8729    
11888   
12565   
12903   
11825   
11092   
14348   
12055   
15193   
13837   
13556   
16370   
13903   
15001   
17862   
17729   
15370   
16491   
18568   
17422   
18106   
18571   
17649   
20563   
17624   
19161   
18759   
19991   
19285   
19148   
20438   
20848   
19684   
19968   
19837   
20665   
20641   
20625   
19780   
20410   
20079   
20026   
20389   
20364   
20779   
19904   
20870   
18169   
19234   
20917   
19734   
18729   
18094   
20014   
18942   
18031   
16512   
18213   
16612   
18188   
16289   
15003   
16211   
14000   
14230   
13685   
14867   
13085   
12694   
11315   
10731   
11793   
11536   
11403   
9954    
10865   
7857    
8609    
8067    
7440    
7539    
6602    
7021    
5122    
4443    
4406    
2956    
2663    
1054    
753     
513     
-715    
-212    
299     
-69     
-816    
-3563   
-1798   
-3887   
-4052   
-3683   
-3986   
-6767   
-7410   
-6623   
-7677   
-8296   
-7392   
-7594   
-10136  
-9168   
-9794   
-10559  
-10303  
-13113  
-13880  
-11790  
-13813  
-12693  
-15601  
-14831  
-15670  
-16668  
-15175  
-17591  
-17272  
-16946  
-16006  
-17801  
-18687  
-16831  
-18571  
-19038  
-18366  
-20053  
-19384  
-21034  
-21057  
-20855  
-18538  
-19170  
-20715  
-19104  
-19395  
-20633  
-19678  
-19907  
-19272  
-19109  
-20698  
-20711  
-20731  
-20759  
-20509  
-20841  
-18624  
-19156  
-20183  
-19155  
-18511  
-20559  
-18014  
-20238  
-19691  
-18854  
-17080  
-17243  
-18666  
-16650  
-16819  
-17071  
-17292  
-15040  
-14075  
-15899  
-14792  
-14949  
-12080  
-13895  
-12992  
-13662  
-10769  
-12525  
-10688  
-9738   
-11012  
-9730   
-8749   
-8594   
-7876   
-6533   
-7809   
-5087   
-4268   
-4113   
-4936   
-2886   
-4288   
-3116   
-814    
-825    
-1082   
182     
-444    
62      
208     
1488    
706     
3164    
1934    
3276    
4139    
5563    
4332    
6413    
7277    
6426    
7981    
7102    
8755    
10452   
8976    
8552    
9582    
12223   
12582   
12269   
11266   
12054   
12044   
15409   
15216   
14875   
15812   
15844   
15704   
15055   
15387   
16339   
17991   
17586   
17708   
18340   
18048   
18452   
18508   
19691   
19220   
18723   
19236   
21039   
20320   
18680   
20821   
19645   
20722   
20693   
19530   
20655   
20650   
19324   
20668   
20692   
20723   
18975   
20652   
19918   
19331   
18403   
20695   
20077   
20070   
17708   
19099   
19068   
19476   
16966   
19424   
16564   
17966   
17563   
17487   
14830   
14565   
14420   
15338   
15191   
13652   
13912   
13355   
14396   
13973   
12333   
11161   
10798   
12104   
9019    
8931    
8214    
9461    
6811    
8929    
6125    
7960    
6034    
5760    
3483    
4838    
4498    
4516    
1216    
938     
918     
-752    
1466    
-1363   
-13     
-1918   
-1214   
-1427   
-2997   
-2855   
-3988   
-5084   
-4570   
-6075   
-5762   
-6025   
-7025   
-9698   
-7589   
-9469   
-11557  
-10173  
-10007  
-12828  
-13209  
-12589  
-12551  
-14078  
-12421  
-15698  
-13465  
-14671  
-15335  
-15332  
-17190  
-15668  
-18292  
-17191  
-18235  
-18220  
-16514  
-17141  
-20022  
-17839  
-20213  
-18351  
-19751  
-20764  
-19973  
-20578  
-19272  
-20660  
-20670  
-20627  
-19128  
-20569  
-20556  
-20529  
-20556  
-20576  
-20603  
-20643  
-20341  
-20748  
-20816  
-19248  
-18690  
-20538  
-19878  
-19021  
-18846  
-18171  
-18088  
-19827  
-17443  
-17045  
-16876  
-16990  
-17879  
-16179  
-17039  
-15689  
-15413  
-14685  
-15861  
-15222  
-14468  
-14726  
-14166  
-14181  
-12631  
-12805  
-12508  
-11840  
-9253   
-10189  
-8027   
-7701   
-9722   
-7207   
-6013   
-4995   
-6019   
-7012   
-5340   
-5572   
-4863   
-3544   
-1085   
-1357   
-661    
544     
-1406   
1363    
871     
1124    
-581    
1386    
2086    
2573    
2606    
2928    
4231    
5005    
7000    
5112    
8292    
5973    
8421    
7028    
10087   
9152    
10243   
10713   
9708    
11220   
13496   
13808   
12930   
13009   
15177   
14298   
13534   
16276   
16899   
15143   
14838   
17131   
18318   
18517   
16000   
19196   
18525   
17360   
17319   
19035   
18035   
19911   
20249   
20201   
20909   
20656   
20827   
19107   
19166   
20217   
20654   
20631   
19030   
20565   
20507   
20641   
20654   
20697   
19159   
19604   
19351   
20910   
20525   
19180   
20748   
20030   
18765   
18947   
19093   
17521   
16965   
16537   
17645   
16697   
15626   
16652   
17400   
15467   
15461   
14526   
16116   
14963   
13086   
13603   
12057   
14016   
11030   
12339   
11600   
11080   
10613   
9866    
8289    
7851    
6668    
8060    
8646    
5179    
5445    
4823    
6220    
5369    
3388    
3489    
2306    
1899    
1148    
-761    
-651    
-1507   
-47     
-3035   
-1472   
-1902   
-3398   
-2949   
-5123   
-6503   
-5899   
-6345   
-7129   
-8155   
-6833   
-8502   
-7575   
-10792  
-10888  
-9660   
-11025  
-12140  
-12119  
-12351  
-14114  
-14218  
-12451  
-14373  
-15332  
-13717  
-13981  
-16223  
-16238  
-16957  
-17676  
-16289  
-16808  
-17465  
-16496  
-19539  
-19759  
-17578  
-20155  
-19018  
-19825  
-20171  
-18448  
-19439  
-20854  
-20443  
-20737  
-20205  
-20663  
-19310  
-20622  
-20611  
-20614  
-20622  
-20637  
-19333  
-18812  
-19903  
-19733  
-20827  
-18771  
-19730  
-21051  
-20272  
-18771  
-20190  
-20057  
-20045  
-18014  
-18731  
-16629  
-18052  
-15774  
-16626  
-15838  
-16234  
-16241  
-15571  
-14910  
-14930  
-14037  
-13857  
-12243  
-12837  
-13751  
-12263  
-12167  
-12257  
-10150  
-9875   
-10332  
-8190   
-8168   
-7722   
-6440   
-7604   
-5590   
-4913   
-4273   
-4882   
-4735   
-3816   
-3233   
-3325   
242     
-157    
-697    
-542    
-539    
1298    
2285    
2635    
2981    
1603    
2534    
4453    
3223    
5409    
4204    
6099    
6372    
8662    
6536    
8959    
7835    
8382    
10477   
11947   
12388   
10073   
12806   
13917   
14283   
14802   
15094   
14285   
14506   
14716   
16707   
15345   
15985   
15692   
18328   
16895   
18431   
16726   
18450   
18122   
18978   
18094   
19783   
20887   
18821   
20866   
20955   
20885   
18527   
19817   
19503   
20696   
20667   
19263   
20639   
19405   
20641   
19954   
19459   
20699   
20725   
19883   
20664   
19791   
20541   
19323   
18916   
18939   
20710   
20209   
18433   
18651   
17030   
18775   
16738   
15747   
18143   
16247   
15490   
16621   
15304   
15921   
15821   
12939   
13731   
15039   
13332   
11595   
12257   
10367   
9700    
10029   
11028   
10986   
9813    
8264    
8462    
6676    
8294    
8040    
4269    
4706    
6356    
2650    
4169    
3635    
2457    
2887    
-271    
1749    
1021    
-626    
-1144   
-1787   
-2281   
-3143   
-2416   
-5446   
-3836   
-3739   
-4784   
-6861   
-7705   
-6318   
-7144   
-9995   
-9443   
-9434   
-9994   
-11079  
-11299  
-10038  
-11616  
-10869  
-14080  
-12628  
-13965  
-15184  
-16046  
-13909  
-16441  
-15868  
-14528  
-15938  
-16261  
-18115  
-16649  
-18299  
-19418  
-19719  
-19852  
-19799  
-17747  
-18889  
-18332  
-21010  
-19335  
-20848  
-20783  
-20728  
-19836  
-20100  
-20620  
-20600  
-19358  
-20487  
-20591  
-20426  
-20628  
-19051  
-19868  
-19484  
-20790  
-19356  
-20923  
-19989  
-21099  
-19965  
-19374  
-18423  
-18656  
-17368  
-18857  
-16853  
-17495  
-18962  
-16956  
-16342  
-17953  
-17067  
-17136  
-14034  
-14551  
-15474  
-14096  
-14582  
-12032  
-11377  
-11906  
-11397  
-12848  
-9610   
-9360   
-11323  
-7824   
-7792   
-7505   
-9155   
-7335   
-6281   
-7555   
-6019   
-4877   
-4938   
-3148   
-3160   
-3049   
-1808   
-267    
-1781   
1400    
318     
893     
1029    
2027    
366     
831     
4370    
4007    
4693    
5176    
3901    
7342    
5831    
5309    
6087    
6674    
9050    
7807    
11020   
11465   
12012   
10801   
12983   
11177   
13020   
12015   
14107   
14646   
13051   
15531   
14056   
17159   
14949   
15178   
16615   
15759   
16327   
17192   
16889   
18046   
18797   
20242   
18823   
20000   
20667   
19074   
20636   
18733   
20677   
20672   
20716   
20682   
20405   
20630   
20221   
19325   
20620   
20046   
19488   
19087   
20705   
19468   
19561   
19892   
20902   
20972   
19551   
20010   
20477   
19497   
18050   
17392   
17885   
18377   
19306   
17111   
16836   
18112   
17470   
17345   
17425   
15862   
14503   
14637   
13729   
14411   
13416   
12022   
14153   
11364   
13123   
12068   
11098   
9119    
10782   
7733    
7345    
7710    
7362    
6270    
6070    
6858    
5238    
3366    
5004    
2304    
3407    
1290    
1325    
2673    
7       
-356    
272     
-1525   
-856    
-2767   
-3014   
-4121   
-4427   
-3257   
-4814   
-5176   
-4656   
-7647   
-5837   
-6530   
-8449   
-9890   
-8716   
-10032  
-10242  
-11785  
-10481  
-13504  
-10881  
-13776  
-11942  
-14151  
-13995  
-15574  
-15511  
-14361  
-16823  
-17084  
-16688  
-16433  
-17799  
-18113  
-16361  
-19463  
-19079  
-17897  
-17425  
-19781  
-18953  
-20720  
-19587  
-19907  
-20833  
-20764  
-20426  
-20655  
-20535  
-20584  
-19912  
-19774  
-20542  
-20547  
-19202  
-20571  
-20596  
-20011  
-19236  
-20448  
-20771  
-20836  
-19757  
-20718  
-18879  
-19782  
-19260  
-19297  
-19809  
-16827  
-17368  
-19151  
-18755  
-17770  
-15882  
-17623  
-17289  
-16243  
-14049  
-14690  
-14639  
-15499  
-14749  
-13348  
-11453  
-13333  
-11037  
-12475  
-12274  
-9092   
-10105  
-10522  
-7597   
-8695   
-7630   
-7452   
-6389   
-7232   
-6391   
-4212   
-5786   
-2165   
-2134   
-1213   
-1454   
4       
-641    
-416    
-294    
760     
-396    
-145    
1924    
1249    
3495    
3442    
2507    
5726    
3505    
6949    
5836    
6890    
7709    
9126    
9050    
9894    
10310   
10257   
11246   
12076   
11960   
11176   
13203   
12920   
12693   
12254   
15539   
15887   
15247   
13899   
16044   
15910   
15571   
17756   
16666   
17497   
19149   
18946   
17571   
20271   
19022   
19403   
18010   
19469   
21057   
18738   
18477   
20747   
20699   
20715   
20273   
20645   
20624   
20194   
19851   
20615   
19437   
20659   
20699   
20526   
19580   
19529   
20147   
19515   
21156   
19933   
20942   
17752   
17686   
18744   
17214   
17276   
16670   
18668   
15882   
15936   
16162   
15559   
15929   
16812   
13730   
14807   
15295   
14323   
12524   
14303   
12267   
12233   
13206   
10789   
11428   
10846   
11181   
9775    
9286    
7352    
6495    
5914    
6096    
5216    
4449    
4151    
2826    
4856    
2887    
3177    
792     
989     
-340    
1702    
-1521   
227     
-2409   
-2129   
-2632   
-4231   
-3459   
-3047   
-5738   
-5154   
-6236   
-6558   
-7406   
-6727   
-8268   
-10128  
-9206   
-8857   
-10702  
-9930   
-11527  
-12130  
-11777  
-14373  
-14516  
-13150  
-12927  
-13472  
-14701  
-14056  
-16666  
-15352  
-16874  
-16347  
-15757  
-18071  
-18024  
-16746  
-19324  
-17988  
-19265  
-17918  
-18446  
-20635  
-20043  
-21110  
-18468  
-19171  
-20744  
-20562  
-20213  
-19509  
-19373  
-20008  
-19774  
-20742  
-20129  
-20776  
-20377  
-20481  
-18882  
-19169  
-20894  
-18861  
-18729  
-18385  
-21121  
-18399  
-19434  
-18045  
-18764  
-16787  
-19169  
-18218  
-18625  
-16069  
-17420  
-15140  
-16841  
-17161  
-15261  
-13401  
-15556  
-13470  
-13509  
-14155  
-12474  
-13396  
-12851  
-10058  
-9584   
-10502  
-10070  
-7894   
-7545   
-9529   
-7240   
-7665   
-6241   
-6769   
-5051   
-6116   
-3034   
-3228   
-4658   
-1994   
-1030   
-727    
231     
717     
670     
-1270   
-482    
-227    
785     
2148    
2788    
2300    
5124    
4590    
4057    
6685    
7040    
5986    
6506    
7640    
7715    
8875    
8986    
11449   
9694    
12769   
10298   
11568   
11352   
11915   
14727   
13147   
14248   
16006   
13802   
14376   
15957   
14718   
17777   
18533   
17820   
18398   
17904   
18502   
18372   
18574   
18501   
18691   
19110   
18528   
19070   
19199   
18778   
19974   
20890   
18906   
20121   
19403   
20685   
20655   
20632   
20617   
20616   
20224   
20643   
20284   
20199   
20765   
20831   
19689   
18958   
18695   
20057   
20362   
20353   
17493   
19028   
19864   
16641   
17385   
15979   
18443   
16822   
15945   
14507   
14854   
15266   
13325   
13579   
14569   
13486   
14219   
12758   
11722   
11734   
11633   
11615   
11582   
8682    
9689    
7774    
9336    
7273    
8396    
4960    
5827    
6090    
6213    
3921    
2851    
4326    
1402    
378     
990     
2171    
-1392   
-1734   
-1429   
-1583   
-1180   
-1211   
-2134   
-4524   
-5660   
-4285   
-4752   
-7190   
-5625   
-7558   
-7368   
-7610   
-10360  
-10856  
-8754   
-9650   
-12324  
-11970  
-12897  
-13915  
-12375  
-14792  
-12679  
-13391  
-13820  
-15456  
-13782  
-16092  
-17186  
-15474  
-18016  
-17965  
-18349  
-17295  
-17809  
-17751  
-18988  
-17720  
-17942  
-17972  
-20395  
-18914  
-18450  
-18808  
-21001  
-19039  
-19805  
-20806  
-20246  
-20716  
-20687  
-20666  
-20162  
-19425  
-20674  
-20003  
-20322  
-20643  
-19103  
-20904  
-20984  
-18598  
-20887  
-18077  
-19264  
-20712  
-17602  
-18690  
-17034  
-16934  
-16494  
-18290  
-17719  
-17147  
-15139  
-16789  
-15125  
-14128  
-16467  
-15786  
-12643  
-13881  
-14094  
-13706  
-10932  
-10627  
-10871  
-10648  
-9540   
-10463  
-8275   
-10038  
-8116   
-6362   
-7255   
-6922   
-4958   
-5033   
-6154   
-4880   
-3424   
-2293   
-3507   
-1638   
-2800   
-1385   
542     
-840    
-573    
1238    
2322    
53      
2639    
3648    
2839    
4232    
4182    
5415    
7209    
5992    
5770    
6275    
6879    
8040    
9445    
10927   
9460    
9179    
11345   
10321   
11995   
12454   
12573   
12757   
13213   
13598   
15962   
15965   
16897   
16671   
15373   
15941   
16742   
17545   
16276   
18635   
17010   
16944   
19059   
18415   
19958   
19079   
20118   
18141   
20105   
20288   
20827   
20276   
20697   
20649   
20613   
20584   
20569   
19973   
19969   
20570   
19627   
20611   
20646   
20333   
18545   
20059   
19150   
20205   
21069   
20946   
20754   
19903   
19174   
16968   
18836   
16995   
17410   
18981   
16307   
15385   
16378   
14899   
14683   
15492   
13348   
14950   
13374   
12909   
14229   
13853   
11881   
12077   
12766   
10773   
11478   
8463    
8025    
7754    
7198    
7169    
8289    
5193    
5959    
6016    
6093    
5618    
2632    
2095    
3594    
2274    
901     
2263    
-855    
-1359   
263     
-2803   
-1806   
-2842   
-2657   
-2554   
-3660   
-5094   
-5874   
-5497   
-6651   
-8117   
-6596   
-7617   
-7570   
-9326   
-10492  
-10688  
-11336  
-11618  
-12314  
-13528  
-12318  
-12951  
-12854  
-13633  
-15140  
-16305  
-16791  
-15881  
-15826  
-17261  
-15656  
-18197  
-18752  
-16634  
-18910  
-19656  
-17469  
-19697  
-18529  
-20553  
-20797  
-20416  
-19081  
-19779  
-19372  
-19402  
-20784  
-19660  
-19228  
-20720  
-19516  
-20545  
-20002  
-20725  
-20744  
-19694  
-19377  
-20759  
-19003  
-18731  
-18666  
-20034  
-20496  
-18895  
-19314  
-20190  
-20352  
-20061  
-18741  
-17043  
-16155  
-17736  
-18117  
-15198  
-16217  
-17466  
-16759  
-15938  
-14840  
-13270  
-13000  
-14602  
-13579  
-11267  
-12406  
-12523  
-12172  
-10634  
-9979   
-9149   
-9378   
-8957   
-7027   
-8265   
-7854   
-7015   
-7061   
-4947   
-4843   
-5716   
-2383   
-2101   
-2606   
-1676   
-2539   
46      
-103    
1875    
903     
431     
970     
-3      
2334    
3533    
4808    
4522    
4029    
5957    
6364    
7530    
5372    
8651    
8149    
7983    
9276    
8665    
11017   
9031    
12472   
12824   
12740   
12689   
11566   
14215   
14715   
13991   
13486   
14279   
15447   
14667   
15640   
16494   
18139   
18018   
19119   
17183   
18410   
19319   
20040   
18175   
17499   
17737   
20250   
19423   
19639   
20905   
20836   
19624   
20166   
20680   
20646   
19862   
20405   
20597   
20600   
19965   
19279   
20661   
18847   
20754   
20817   
20890   
19485   
20002   
20387   
20748   
19801   
17717   
17890   
17728   
17274   
17838   
18472   
16931   
17150   
15471   
14994   
15998   
14423   
13708   
14608   
15608   
13611   
14001   
14494   
13228   
11941   
13088   
11039   
10479   
9414    
8966    
8366    
8252    
7316    
7901    
8527    
5745    
5196    
6525    
3968    
3747    
4827    
2156    
3483    
316     
1825    
-615    
592     
-850    
-210    
-2092   
-2882   
-2061   
-2054   
-5257   
-2957   
-6121   
-4233   
-6452   
-7459   
-7195   
-9319   
-7255   
-9923   
-9381   
-9935   
-10134  
-10726  
-11029  
-10435  
-11311  
-13392  
-13066  
-14323  
-13738  
-15756  
-14365  
-15895  
-17054  
-15163  
-16728  
-18001  
-17807  
-17453  
-18388  
-17651  
-17139  
-18512  
-20307  
-20473  
-20113  
-18811  
-19261  
-19685  
-20528  
-19669  
-19626  
-20635  
-20355  
-19164  
-20592  
-20573  
-20473  
-20556  
-20563  
-20582  
-20611  
-18931  
-20698  
-20359  
-20835  
-20459  
-21016  
-20796  
-20176  
-18105  
-17862  
-17564  
-18806  
-17490  
-16685  
-17178  
-17225  
-18712  
-16980  
-15020  
-15906  
-16906  
-14618  
-16239  
-14384  
-13794  
-14011  
-13745  
-11452  
-13779  
-11866  
-10425  
-11911  
-11293  
-8629   
-9231   
-7992   
-7628   
-6726   
-8696   
-6790   
-6761   
-6862   
-3299   
-4964   
-5271   
-4207   
-1728   
-764    
-2083   
-541    
-132    
941     
667     
1242    
-546    
2990    
2596    
2836    
2969    
2771    
3025    
6214    
6037    
5967    
5610    
8536    
9282    
7743    
9064    
9990    
9252    
10361   
10568   
12247   
13321   
13733   
11573   
15088   
12295   
12746   
13477   
15135   
16370   
15514   
15694   
16540   
18439   
17977   
17809   
18166   
19164   
16898   
17491   
18853   
20528   
20375   
20851   
18318   
18363   
20874   
19689   
20848   
19897   
19447   
19210   
20733   
20304   
19355   
20729   
20242   
19590   
20782   
20814   
19154   
18725   
19959   
18604   
19481   
20159   
18153   
20238   
20505   
19276   
19338   
17658   
18635   
17976   
17677   
17808   
15388   
17745   
16786   
14148   
14641   
13930   
12963   
13172   
13748   
13671   
11181   
11799   
12244   
12212   
11452   
11333   
10993   
8262    
8968    
8606    
7890    
6072    
6692    
6754    
4716    
5222    
5253    
2645    
3867    
3389    
2977    
-243    
-631    
-600    
-1822   
-462    
-375    
-592    
-1876   
-4801   
-5176   
-5074   
-5086   
-5395   
-6932   
-5503   
-6861   
-7703   
-7527   
-8079   
-10727  
-9842   
-10346  
-11303  
-12865  
-11107  
-10905  
-14454  
-12588  
-14175  
-12619  
-14163  
-13853  
-16154  
-14754  
-17594  
-17781  
-16848  
-15976  
-17971  
-18786  
-16807  
-18700  
-18132  
-18204  
-18777  
-18791  
-19039  
-19733  
-21053  
-20725  
-19338  
-19234  
-19370  
-20628  
-20680  
-20654  
-20361  
-20637  
-20645  
-20203  
-20694  
-20734  
-19300  
-19328  
-20922  
-19914  
-21098  
-18548  
-19767  
-18001  
-18260  
-18337  
-17784  
-17634  
-17813  
-18423  
-16584  
-18831  
-16302  
-15667  
-16288  
-15554  
-15586  
-16018  
-14777  
-14601  
-13298  
-14746  
-14327  
-14159  
-13407  
-11459  
-10058  
-9711   
-9150   
-10898  
-8509   
-7815   
-8673   
-7708   
-6515   
-6811   
-6296   
-5752   
-5908   
-3015   
-5133   
-2977   
-2510   
-757    
-2287   
85      
451     
-51     
-484    
-336    
-134    
1840    
903     
3522    
4400    
5453    
3109    
4993    
4960    
6329    
6394    
7241    
7449    
7539    
9496    
10746   
10966   
11065   
9850    
13045   
12038   
13242   
13150   
14298   
13898   
13956   
14786   
14050   
16661   
17217   
15226   
15139   
17979   
17443   
16316   
19411   
18639   
18079   
19887   
18283   
17968   
18635   
18054   
18866   
20741   
21025   
18818   
19667   
20842   
20796   
19363   
19393   
19352   
20694   
20688   
20693   
20704   
18934   
20404   
19216   
20835   
20781   
19419   
18155   
19710   
20805   
18913   
19989   
19381   
19389   
18101   
18115   
17695   
16389   
16346   
17967   
15198   
15335   
16756   
16108   
13885   
15679   
12972   
15059   
11595   
13716   
12237   
10030   
12124   
9788    
8550    
10782   
8807    
9727    
7688    
8631    
8459    
7369    
6763    
6093    
3881    
3756    
2315    
3348    
3642    
1422    
1881    
1583    
-342    
-268    
-1661   
-24     
-3687   
-2622   
-4475   
-3449   
-5735   
-4721   
-5218   
-6929   
-6909   
-8836   
-9176   
-7270   
-8057   
-9000   
-9043   
-10265  
-10411  
-12234  
-12481  
-11060  
-12964  
-14253  
-13462  
-14884  
-15848  
-14263  
-16788  
-14344  
-14930  
-17521  
-17571  
-17379  
-17147  
-18982  
-19490  
-18300  
-18191  
-17494  
-19361  
-20243  
-17988  
-19771  
-20992  
-20110  
-19990  
-20343  
-20750  
-20710  
-19259  
-19600  
-20655  
-19559  
-20668  
-20138  
-19501  
-20747  
-20794  
-20846  
-19809  
-19687  
-20024  
-18302  
-18138  
-20994  
-19085  
-18040  
-17702  
-17066  
-17516  
-19701  
-18077  
-18435  
-18159  
-16961  
-17362  
-15004  
-14518  
-14474  
-14442  
-13211  
-13593  
-14279  
-13284  
-13831  
-12474  
-11435  
-10364  
-11277  
-8848   
-8369   
-10637  
-9107   
-8091   
-8922   
-6920   
-5345   
-6600   
-4848   
-6166   
-2895   
-3046   
-2994   
-2706   
-3488   
-955    
-495    
-1623   
46      
416     
-328    
534     
2322    
763     
4163    
5110    
3156    
3829    
4369    
4197    
5175    
7346    
8562    
7050    
8923    
7787    
10431   
11526   
9804    
11208   
12729   
10734   
13276   
13996   
14398   
13739   
15278   
13768   
13612   
15695   
15811   
15282   
16868   
17776   
18494   
16082   
18302   
17716   
16892   
19287   
20139   
18468   
19571   
20122   
18197   
20180   
20884   
19873   
20744   
19390   
20639   
20494   
20596   
20584   
20582   
20587   
20513   
20633   
20667   
19355   
19100   
19996   
19925   
20984   
19145   
19750   
18007   
20071   
18502   
19857   
18586   
18970   
16841   
18352   
17378   
17185   
15775   
15183   
14435   
15020   
15164   
16369   
15607   
13199   
14185   
13438   
11939   
12027   
10809   
11278   
10323   
9577    
9747    
7636    
7390    
9510    
7492    
8370    
7263    
6059    
6005    
6097    
4041    
3306    
3610    
3170    
1210    
2337    
-531    
-201    
-126    
-726    
-1072   
-826    
-1980   
-3505   
-4149   
-5320   
-5361   
-5651   
-4841   
-5271   
-8788   
-7978   
-7974   
-10116  
-11013  
-10349  
-10390  
-11629  
-12056  
-11770  
-11384  
-11319  
-14600  
-12280  
-15606  
-12937  
-16048  
-16184  
-15243  
-16034  
-16377  
-17805  
-16966  
-18664  
-18543  
-17519  
-18326  
-19308  
-19251  
-20146  
-17874  
-18624  
-20172  
-18484  
-20318  
-20816  
-20756  
-20705  
-20664  
-19805  
-20610  
-20197  
-20595  
-19287  
-20620  
-20648  
-20685  
-19961  
-20785  
-19420  
-20920  
-19880  
-18807  
-18538  
-19044  
-18400  
-19483  
-20021  
-17903  
-17949  
-18233  
-17404  
-18395  
-15725  
-16420  
-17649  
-15154  
-15409  
-14889  
-14715  
-14531  
-14986  
-13778  
-13246  
-12305  
-11346  
-13339  
-11008  
-10454  
-9031   
-8532   
-10453  
-9002   
-9295   
-6665   
-8138   
-6489   
-4560   
-6723   
-4815   
-5477   
-2634   
-4439   
-2397   
-567    
-1916   
-1480   
-160    
-496    
-54     
1418    
2499    
1080    
1629    
2563    
2356    
4247    
4871    
4969    
6840    
6698    
5749    
5847    
8476    
9200    
9620    
9796    
9332    
10542   
10947   
12785   
11265   
13655   
12787   
13031   
13577   
14099   
13265   
15393   
15458   
15562   
15508   
16193   
17207   
17624   
19086   
17983   
16770   
19538   
20134   
19180   
17937   
17854   
20327   
20791   
19422   
20323   
20730   
20327   
20612   
20568   
20534   
20514   
20502   
20497   
20508   
20529   
20343   
20598   
20647   
20535   
20592   
20862   
18536   
19758   
18923   
20260   
19490   
17730   
18464   
18982   
17209   
17486   
19123   
16328   
16903   
16293   
15013   
16355   
14814   
16653   
15434   
13044   
15014   
14626   
13983   
12272   
12618   
10902   
12066   
11504   
10471   
10177   
7722    
8364    
6543    
6281    
7209    
5675    
6134    
6423    
5480    
5041    
3523    
2952    
3564    
2759    
2022    
680     
1293    
716     
-2485   
-2831   
-1753   
-3770   
-2454   
-3724   
-4772   
-4896   
-5294   
-7309   
-7737   
-8164   
-7859   
-7665   
-7360   
-10124  
-10266  
-10610  
-11566  
-10538  
-13048  
-11888  
-11540  
-13510  
-14834  
-14092  
-13756  
-14106  
-16691  
-17380  
-14533  
-18037  
-17453  
-16194  
-17648  
-18428  
-17846  
-17170  
-19302  
-17474  
-18263  
-19708  
-18083  
-18395  
-20756  
-20741  
-20959  
-20121  
-19477  
-19320  
-20745  
-19501  
-19750  
-20683  
-20681  
-20689  
-19593  
-19971  
-20354  
-19809  
-20856  
-18828  
-19293  
-20879  
-18731  
-19940  
-20248  
-18177  
-20446  
-18480  
-17039  
-17655  
-16607  
-17830  
-18403  
-16579  
-15231  
-17073  
-15096  
-14057  
-16274  
-13220  
-12590  
-14537  
-11665  
-14228  
-10970  
-12785  
-12209  
-10558  
-11854  
-8347   
-10661  
-10092  
-9222   
-8640   
-7569   
-8098   
-5227   
-4516   
-3529   
-3852   
-3766   
-3030   
-2750   
-1818   
-784    
57      
-938    
429     
-1664   
765     
1630    
2885    
1404    
3258    
4302    
4801    
5063    
4409    
6022    
7356    
6909    
7724    
6810    
9401    
10416   
8638    
8475    
9856    
12553   
12475   
11563   
14107   
12784   
14312   
14767   
12967   
14312   
14769   
14057   
15649   
17322   
15537   
17157   
18149   
15993   
18949   
16869   
17880   
18009   
20547   
18793   
17745   
20667   
20440   
19836   
20876   
20229   
20726   
20695   
20658   
19133   
20619   
19389   
20623   
20637   
20660   
19936   
20739   
20358   
20670   
19067   
18946   
18690   
19102   
20332   
19557   
18147   
18645   
17547   
19039   
19500   
19276   
16081   
17455   
15422   
18011   
17041   
16991   
15799   
16737   
13907   
15343   
14549   
14434   
13061   
11884   
10872   
10556   
10671   
9778    
9368    
8381    
9902    
7484    
7051    
8347    
5549    
5308    
6277    
6844    
3949    
3503    
3357    
3977    
3802    
2566    
1059    
1844    
736     
-1451   
-2214   
-1470   
-1101   
-3430   
-3779   
-5236   
-4357   
-4494   
-5538   
-6940   
-8207   
-6825   
-8880   
-8047   
-9671   
-8741   
-8931   
-10653  
-9781   
-11788  
-12673  
-13609  
-13943  
-12952  
-15089  
-13028  
-15680  
-16302  
-15009  
-15434  
-17198  
-16416  
-16210  
-18299  
-17873  
-16170  
-19635  
-18164  
-17678  
-17548  
-17853  
-19490  
-20425  
-19545  
-19588  
-20989  
-20508  
-20857  
-19053  
-20414  
-19691  
-19236  
-20171  
-20419  
-19678  
-20686  
-19160  
-20734  
-20772  
-18873  
-20883  
-20952  
-20671  
-20059  
-20000  
-18352  
-18939  
-17659  
-19375  
-17167  
-19080  
-16617  
-16843  
-15905  
-17601  
-17532  
-15040  
-17165  
-14201  
-16488  
-14769  
-14201  
-14053  
-14624  
-14658  
-13870  
-10685  
-12995  
-11711  
-9713   
-11454  
-8237   
-9370   
-7397   
-7865   
-9094   
-6917   
-6996   
-6994   
-3931   
-5293   
-5212   
-5023   
-2073   
-2145   
-2205   
-458    
-782    
-1071   
-859    
1257    
1464    
2181    
1869    
1770    
2390    
2770    
4795    
4176    
4955    
5401    
5633    
5333    
5936    
9565    
8978    
8827    
8611    
9169    
11828   
10515   
10439   
13030   
12509   
14462   
14567   
15133   
15216   
13201   
14215   
16449   
16112   
15858   
15601   
15956   
18578   
18130   
18979   
18818   
18791   
17900   
19958   
17557   
18611   
20193   
18870   
20455   
20465   
19810   
20765   
20714   
19113   
20033   
20611   
20595   
20589   
20595   
19043   
20635   
20665   
20129   
20764   
20827   
20899   
20247   
19497   
18241   
18062   
18323   
19741   
18733   
19082   
17075   
17744   
16870   
18614   
16690   
18030   
16496   
17235   
16901   
13776   
14592   
13439   
14692   
13536   
13532   
13293   
11165   
11052   
11076   
10882   
9671    
9961    
7719    
8617    
7328    
6971    
6326    
5143    
6758    
6959    
4671    
4783    
2685    
1611    
2218    
3325    
653     
2085    
915     
-1561   
360     
-3046   
-812    
-1151   
-2566   
-4720   
-5303   
-5605   
-6951   
-6975   
-7239   
-8619   
-9129   
-6963   
-9888   
-10030  
-9758   
-11279  
-12277  
-9815   
-13124  
-12274  
-13726  
-14098  
-14433  
-12564  
-15147  
-14986  
-15362  
-14557  
-17298  
-17167  
-17173  
-17660  
-18959  
-16771  
-17612  
-18379  
-17789  
-18178  
-17657  
-20190  
-20269  
-20640  
-21026  
-19947  
-19962  
-19321  
-18984  
-20487  
-20713  
-20591  
-20667  
-20239  
-19409  
-19263  
-19718  
-20745  
-19838  
-18812  
-20882  
-19952  
-20271  
-20017  
-21035  
-19147  
-18968  
-17982  
-17553  
-17937  
-17680  
-18611  
-18521  
-18818  
-17063  
-17185  
-17131  
-17346  
-15623  
-14093  
-13502  
-15098  
-15329  
-12705  
-11581  
-12322  
-12048  
-10716  
-12627  
-10478  
-10357  
-11062  
-10550  
-9761   
-9668   
-7460   
-6574   
-6780   
-5180   
-6383   
-3888   
-3513   
-3010   
-1574   
-3134   
-2410   
-1729   
-133    
1323    
513     
328     
-89     
1410    
472     
726     
3861    
3897    
3035    
6013    
5803    
6891    
7311    
7228    
7744    
8304    
8568    
9681    
8388    
10577   
10357   
11394   
11613   
11090   
11187   
13863   
14089   
13312   
14349   
14077   
16174   
13970   
16566   
17555   
15008   
15778   
18784   
16719   
19133   
16965   
19648   
18405   
20253   
20029   
18933   
19508   
19397   
20253   
18698   
20149   
20653   
20201   
20663   
20641   
20622   
19944   
20621   
20636   
20045   
20692   
19269   
20336   
20832   
20082   
19760   
19415   
18831   
18114   
18092   
17737   
20406   
18373   
20064   
18459   
19451   
16915   
18907   
16869   
17116   
15188   
14809   
17164   
16279   
14121   
15951   
12867   
14239   
12044   
11225   
13351   
10712   
10272   
10660   
11842   
10613   
8116    
7268    
6662    
8817    
7390    
6278    
6969    
6761    
3260    
3240    
3327    
3910    
1675    
1897    
0       
1759    
1629    
-625    
121     
-2779   
-2389   
-3237   
-2422   
-3512   
-4149   
-4923   
-6111   
-6946   
-7487   
-7259   
-7574   
-7503   
-7934   
-10478  
-9215   
-11896  
-12141  
-11222  
-12912  
-12725  
-13157  
-13346  
-12772  
-13261  
-13373  
-16392  
-15264  
-15929  
-16055  
-18076  
-17944  
-15850  
-16791  
-16635  
-18450  
-19907  
-17781  
-19685  
-19389  
-18539  
-19397  
-21019  
-20342  
-20911  
-19146  
-20791  
-20118  
-18877  
-20402  
-19624  
-20664  
-20416  
-20674  
-19593  
-20710  
-19357  
-19559  
-18974  
-20250  
-20697  
-20587  
-20945  
-18872  
-19810  
-18487  
-18861  
-18006  
-18402  
-16899  
-19379  
-17335  
-17268  
