0       
0       
0       
0       
-2      
-22     
-80     
-206    
-447    
-852    
-1463   
-2293   
-1682   
6291    
12494   
17410   
20635   
23226   
24713   
21031   
17564   
12064   
7233    
-1461   
-5839   
-14816  
-19462  
-23310  
-23787  
-22851  
-23535  
-16847  
-11040  
-4417   
1372    
7461    
-466    
4175    
13702   
17593   
20951   
24574   
22635   
21330   
19969   
14098   
4963    
-1193   
-6350   
-14120  
-18939  
-22438  
-24733  
-22622  
-23598  
-18213  
-13170  
-5345   
1109    
8083    
-1514   
6569    
11641   
17498   
21349   
24529   
24523   
22972   
17523   
12808   
6100    
-841    
-7325   
-13589  
-17689  
-22765  
-23520  
-24669  
-22515  
-16594  
-11939  
-5960   
969     
10408   
-1148   
5579    
11165   
18847   
21630   
24524   
24158   
21233   
18988   
11797   
6017    
-1061   
-6366   
-14045  
-19221  
-23856  
-24690  
-24173  
-21793  
-17390  
-12716  
-4537   
296     
8835    
-1933   
5320    
12756   
18033   
23064   
23854   
23808   
22372   
17700   
12652   
5232    
-1424   
-8004   
-14989  
-19159  
-21803  
-23475  
-23509  
-23519  
-17126  
-12995  
-5805   
2489    
10042   
-2902   
4377    
12527   
17676   
21636   
24500   
24470   
21445   
19073   
13572   
6885    
692     
-8541   
-15150  
-17807  
-23065  
-23351  
-24436  
-22291  
-18662  
-13628  
-4993   
277     
8196    
-1911   
6682    
11979   
17046   
23239   
23899   
23754   
22692   
17426   
12954   
5095    
-1702   
-8277   
-12163  
-17932  
-23106  
-23285  
-23365  
-22378  
-17313  
-11852  
-4404   
3137    
7882    
-1953   
4128    
11685   
17942   
21214   
24561   
24541   
21828   
18827   
13910   
5244    
636     
-8730   
-14751  
-19406  
-21620  
-23943  
-24477  
-21662  
-18122  
-13086  
-6903   
2305    
10147   
-2823   
5222    
11442   
19549   
21344   
23910   
22813   
23231   
17160   
13137   
7174    
-1559   
-7709   
-13590  
-19208  
-22759  
-23842  
-24611  
-21225  
-16928  
-11717  
-6351   
2456    
7738    
-2430   
6627    
12811   
17605   
22304   
23177   
24492   
22026   
18850   
12077   
7510    
-1275   
-7455   
-13519  
-17916  
-23439  
-23789  
-23335  
-22578  
-17515  
-13298  
-5412   
3092    
8365    
-3322   
4552    
13500   
19026   
22274   
22896   
23238   
20751   
19826   
13821   
6643    
244     
-7009   
-13824  
-20039  
-23743  
-24703  
-23495  
-22045  
-18184  
-12216  
-6025   
1448    
8524    
-1275   
5383    
11476   
17458   
23654   
24357   
22600   
23528   
17483   
13408   
7876    
-1574   
-7126   
-12258  
-20248  
-21963  
-23186  
-23929  
-23528  
-17677  
-12658  
-6352   
195     
9901    
-1307   
6212    
10841   
18095   
22339   
24501   
22882   
23609   
17212   
13569   
7095    
436     
-8762   
-14970  
-19958  
-22363  
-23990  
-24502  
-22188  
-18291  
-11194  
-4404   
1760    
8356    
-2242   
6943    
11188   
17289   
21143   
24554   
22917   
23539   
17415   
14404   
6603    
-65     
-8687   
-13076  
-18041  
-21127  
-24845  
-24583  
-22440  
-19470  
-11040  
-6541   
2690    
8606    
-884    
6809    
12602   
18979   
22463   
24054   
24224   
22219   
19251   
14177   
7318    
-1746   
-5998   
-13655  
-20431  
-22223  
-23405  
-24492  
-23315  
-18183  
-12076  
-6406   
3000    
7400    
-708    
5844    
12382   
18438   
21019   
24554   
22766   
22184   
17598   
12523   
8081    
767     
-8774   
-12673  
-20027  
-21641  
-24678  
-24485  
-22194  
-18578  
-11488  
-5987   
564     
7685    
-326    
4655    
11348   
18194   
21585   
24132   
23365   
21751   
18512   
12041   
5574    
496     
-6018   
-14365  
-19114  
-22160  
-24052  
-23450  
-21439  
-19385  
-11638  
-4756   
2446    
9291    
-2664   
6054    
11660   
18330   
22293   
24606   
23262   
21519   
18048   
12010   
5733    
-1675   
-7507   
-14499  
-19943  
-23516  
-23337  
-24491  
-20902  
-17077  
-14011  
-5263   
2736    
10504   
-1787   
4043    
11969   
16831   
20995   
23799   
24524   
22721   
18931   
14116   
5121    
334     
-6264   
-12915  
-20421  
-22732  
-24474  
-24408  
-22811  
-19043  
-12712  
-5777   
2959    
7747    
-394    
4082    
12788   
16523   
23099   
23755   
24355   
22303   
16941   
12579   
7937    
823     
-7439   
-14130  
-17623  
-22623  
-24938  
-23143  
-20735  
-18815  
-13851  
-5153   
3025    
10173   
-3391   
6874    
12738   
16981   
20733   
24307   
23091   
22716   
18991   
13364   
7484    
146     
-6264   
-14841  
-20073  
-22786  
-23970  
-23050  
-23642  
-18079  
-12509  
-4453   
1793    
9621    
-3054   
4830    
11483   
18812   
22604   
23514   
24517   
22754   
17876   
12932   
6924    
-1312   
-8495   
-14956  
-18784  
-23143  
-24637  
-24283  
-21043  
-18583  
-12599  
-6388   
2935    
9462    
-2739   
5564    
11265   
19340   
20864   
24493   
24489   
22514   
18730   
13138   
5680    
-1169   
-8718   
-13118  
-17224  
-23865  
-24805  
-24574  
-20739  
-16973  
-12742  
-5279   
1479    
8953    
-1936   
4105    
11603   
16985   
23056   
22736   
24576   
23011   
18252   
13913   
5907    
-1834   
-7564   
-13763  
-19220  
-23400  
-23397  
-24387  
-20758  
-19398  
-13339  
-4829   
1652    
8302    
-1946   
5639    
11122   
17116   
23346   
23941   
23413   
23412   
19699   
12466   
6408    
-903    
-8193   
-12793  
-18223  
-22281  
-22874  
-24615  
-23263  
-16774  
-13481  
-5365   
1363    
8469    
-390    
6127    
10887   
17864   
21649   
24484   
22766   
23534   
17517   
11921   
6150    
-435    
-8061   
-12550  
-17354  
-22257  
-24040  
-24597  
-20963  
-17978  
-13851  
-6395   
2265    
7908    
-2945   
4150    
12685   
17318   
23141   
23490   
24537   
22256   
18856   
12736   
5950    
-700    
-7341   
-14080  
-18819  
-22759  
-23425  
-24297  
-23487  
-18408  
-13159  
-6986   
1934    
8937    
-2823   
6108    
12366   
17908   
22679   
23072   
24523   
22681   
18934   
12394   
5555    
-1052   
-7982   
-15011  
-17301  
-22044  
-24800  
-24582  
-22503  
-17246  
-11240  
-4725   
2368    
7683    
-2697   
6012    
11022   
18307   
20586   
24024   
23767   
23488   
16971   
13474   
5390    
-1550   
-6901   
-12293  
-17606  
-24148  
-23775  
-23000  
-20926  
-16797  
-11295  
-5739   
1429    
8536    
-591    
5040    
12126   
17150   
23499   
23853   
24474   
21083   
18675   
12687   
6846    
-1252   
-6736   
-12187  
-19690  
-21529  
-23131  
-22819  
-23815  
-18570  
-13333  
-4183   
3030    
7640    
-1205   
4367    
12441   
17420   
21012   
24561   
24535   
21765   
18801   
12673   
7135    
-876    
-8028   
-14142  
-17387  
-21360  
-24738  
-24098  
-23261  
-17165  
-13266  
-7185   
2853    
8538    
-2643   
6169    
12004   
18646   
22992   
22638   
23895   
23654   
18583   
11957   
6690    
-1661   
-8759   
-14271  
-18018  
-21276  
-23809  
-24605  
-21799  
-18987  
-11180  
-4108   
26      
8299    
-229    
3987    
12880   
18580   
22019   
24448   
22597   
23184   
19203   
12777   
6427    
-572    
-7392   
-14001  
-17928  
-24089  
-23768  
-22954  
-21264  
-18721  
-13364  
-4644   
2417    
7388    
-2276   
5600    
12343   
17408   
21716   
24496   
24481   
23692   
17112   
13655   
6357    
-1370   
-8728   
-12523  
-19905  
-22677  
-22838  
-23745  
-21543  
-18991  
-11546  
-6102   
419     
7657    
-2982   
4646    
13699   
18413   
23202   
22815   
24599   
21232   
17628   
11761   
7121    
-5      
-8070   
-14457  
-17606  
-22430  
-24785  
-24115  
-23634  
-16623  
-11872  
-4801   
882     
9734    
-3278   
5434    
10915   
17533   
21940   
24535   
24280   
23287   
17692   
14053   
6725    
-1959   
-7153   
-13172  
-20332  
-23501  
-24694  
-22945  
-21706  
-19009  
-12449  
-6623   
2800    
10253   
-1499   
5884    
10754   
19167   
22974   
22624   
24446   
23164   
19101   
11560   
6437    
3       
-8734   
-14079  
-18742  
-23100  
-23773  
-24251  
-22598  
-17935  
-11396  
-6785   
3099    
8662    
-727    
6155    
13353   
16752   
20665   
24451   
24459   
22883   
18950   
11742   
8214    
-787    
-8771   
-14878  
-20077  
-21984  
-24836  
-22867  
-20815  
-16745  
-12826  
-4360   
703     
9365    
-2820   
6191    
13114   
16771   
22904   
23158   
24634   
21356   
17402   
13130   
5520    
-1194   
-7581   
-14537  
-18932  
-22190  
-22894  
-24427  
-21320  
-16817  
-12971  
-4823   
444     
9501    
-1391   
5885    
13123   
17857   
23221   
23758   
22897   
23654   
17822   
11937   
5164    
582     
-8218   
-14385  
-19204  
-21144  
-22870  
-24569  
-21749  
-17013  
-12117  
-6550   
379     
8398    
-1602   
6940    
11811   
17477   
23097   
24359   
24357   
23588   
18578   
12254   
6390    
-1046   
-6856   
-13755  
-19952  
-21088  
-24872  
-22908  
-21306  
-17710  
-13524  
-4557   
272     
7692    
-2152   
5383    
11626   
17626   
23005   
24044   
22773   
22972   
17008   
13322   
5364    
-966    
-5952   
-14353  
-19355  
-21839  
-24756  
-23480  
-22631  
-18249  
-13162  
-6145   
2896    
9143    
-1433   
6976    
11331   
19356   
23270   
24015   
23158   
22871   
18248   
13185   
5727    
573     
-8888   
-12120  
-19776  
-21193  
-24772  
-24059  
-23040  
-18507  
-11322  
-6641   
797     
8803    
-1361   
4935    
11720   
19416   
20628   
23391   
24549   
23562   
17606   
13295   
5333    
-271    
-7310   
-14695  
-19705  
-22656  
-24647  
-24303  
-22548  
-17370  
-11582  
-6691   
526     
10319   
-2708   
5119    
12741   
19098   
21836   
22801   
23236   
22259   
17290   
13556   
6012    
-654    
-7860   
-14959  
-17476  
-21999  
-24694  
-24431  
-22823  
-17202  
-13648  
-6899   
1108    
10191   
-1594   
5405    
10926   
16908   
21926   
24679   
23167   
22973   
17209   
11538   
7797    
-673    
-8523   
-12438  
-19275  
-22441  
-24653  
-23984  
-23228  
-18919  
-11716  
-7158   
3159    
9820    
-633    
5865    
13534   
17966   
21666   
23332   
24523   
21485   
17298   
13389   
5686    
380     
-7195   
-15055  
-17657  
-24176  
-23185  
-24612  
-22096  
-17813  
-11338  
-5211   
2412    
9568    
-1744   
6108    
13261   
18348   
21159   
24440   
24153   
21476   
16766   
14249   
7768    
-216    
-8866   
-13424  
-19147  
-23549  
-23578  
-24574  
-22200  
-16818  
-11687  
-6573   
3211    
9001    
-1572   
4201    
12281   
19456   
20915   
22606   
24464   
22549   
19419   
12688   
6902    
1126    
-7812   
-14483  
-18344  
-23770  
-23171  
-23023  
-22024  
-18831  
-13150  
-5652   
1186    
10293   
-1543   
7025    
10871   
16718   
22093   
22954   
23333   
21007   
19465   
11603   
5550    
-850    
-8035   
-13639  
-17621  
-24031  
-24425  
-23378  
-21770  
-19093  
-11252  
-6091   
1649    
10343   
-2362   
6105    
12830   
19356   
22548   
24477   
23425   
21143   
17314   
12698   
5964    
-1196   
-7859   
-14968  
-17614  
-22733  
-23740  
-24481  
-22452  
-19144  
-10884  
-6753   
2911    
8127    
-1762   
5663    
11437   
18442   
23466   
23455   
24404   
22103   
18501   
12833   
7646    
-304    
-8540   
-13412  
-17761  
