-0.0001595245
-0.0003084001
-0.0004301811
-0.0004347041
-0.0002055598
0.0003800131
0.0014207502
0.0029545219
0.0049219064
0.0071389552
0.0092882381
0.0109355139
0.0115755740
0.0107053911
0.0079165629
0.0029933899
-0.0040009533
-0.0126686824
-0.0222680859
-0.0317605256
-0.0399147787
-0.0454594627
-0.0472644494
-0.0445247222
-0.0369167302
-0.0246989636
-0.0087353363
0.0095688399
0.0284147387
0.0458241845
0.0598907824
0.0690314079
0.0722001024
0.0690314079
0.0598907824
0.0458241845
0.0284147387
0.0095688399
-0.0087353363
-0.0246989636
-0.0369167302
-0.0445247222
-0.0472644494
-0.0454594627
-0.0399147787
-0.0317605256
-0.0222680859
-0.0126686824
-0.0040009533
0.0029933899
0.0079165629
0.0107053911
0.0115755740
0.0109355139
0.0092882381
0.0071389552
0.0049219064
0.0029545219
0.0014207502
0.0003800131
-0.0002055598
-0.0004347041
-0.0004301811
-0.0003084001
-0.0001595245
