0
0
0
0
0
0
0
0
0
0
0
0
0
0
0
0
0
0
0
0
0
0
0
0
0
0
0
0
0
0
0
0
0
0
0
0
0
0
0
0
0
0
0
0
0
0
0
0
0
0
0
0
0
0
0
0
0
0
0
0
0
0
0
0
0
0
0
0
0
0
0
0
0
0
0
0
0
0
0
0
0
0
0
0
0
0
0
0
0
0
0
0
0
0
0
0
0
0
0
0
0
0
0
0
0
0
0
0
0
0
0
0
0
0
0
0
0
0
0
0
0
0
0
0
0
0
0
0
0
0
1
2
0
0
0
0
0
0
0
0
0
0
0
0
0
0
0
0
0
0
0
0
0
0
0
0
0
0
0
0
0
0
0
0
0
0
0
0
0
0
0
0
0
0
0
0
0
0
0
0
0
0
0
0
0
0
0
0
0
0
0
0
0
0
0
0
0
0
0
0
0
0
0
0
0
0
0
0
0
0
0
0
0
0
0
0
0
0
0
0
0
0
0
0
0
0
0
0
0
0
0
0
0
0
0
0
0
0
0
0
0
0
0
0
0
0
0
0
0
0
0
0
0
0
0
0
0
0
0
0
25069
-31451
19066
-25252
22389
-16209
11688
9208
14386
2235
-5266
-24560
31483
15429
-21517
78
9785
20134
10236
1162
-20561
4223
29288
-17339
23042
30885
-10573
-27182
17999
-7517
-16523
4406
5007
11635
12094
-19680
-20314
-32131
-27318
17813
-1710
-11771
-20771
-13018
-11945
-16500
-19123
-9529
-19300
-12836
20496
2992
7713
6073
-24255
-26166
-17674
-14484
19072
-10087
6554
-13141
30499
23471
26998
1427
-12272
19723
-5804
11434
-17221
10992
-10495
25387
31784
-16862
3458
7188
28639
-25967
647
-32344
27191
-6699
32520
11372
-3988
28696
16943
10190
10335
25916
-18173
-12808
-26381
-672
6263
-1664
-1181
-25308
29382
26872
6935
-14542
-11187
-2667
10426
6653
3910
27495
-2907
21950
-24299
26323
15331
4118
1794
-26530
-28071
19429
-5209
13548
31714
-23244
-11947
9728
-2724
8785
16705
-15710
1532
1137
4676
30463
-3982
9068
3437
-14871
17053
31103
4544
31924
20964
-31458
-9255
-14540
-22152
4148
-16045
3785
-28912
-17043
803
13506
2522
30058
-10931
-14981
-14659
28388
-8801
14094
-13266
5689
-18852
9070
12056
-30249
-2811
-19639
-7751
-17789
20638
7185
17510
32631
-14812
10479
22410
6093
1313
17311
19824
-23624
374
22376
-15977
6521
17116
13739
2719
6933
28086
-10041
-3302
-9401
-29667
-186
-23350
-3815
-11932
7829
-18154
-27853
-4765
-26185
12477
13512
-30654
32181
-29672
-6236
10932
-15677
23663
14295
-22085
13909
28201
28396
10343
-16493
6894
19897
-6841
-23299
27123
21795
21594
-10463
25604
-22658
31172
2475
26652
25933
5285
-28346
23684
10636
-4935
-28155
20438
-3364
-32581
1874
31834
22563
26265
-27748
-22625
24707
-5627
-11459
-30912
-18500
-10000
9037
11064
16730
-1815
27243
27957
15932
21385
30372
3024
20830
25420
-3838
26524
-19980
11660
-17302
-12446
-15815
-32380
-11558
-6122
4990
-6268
22832
1094
-26263
18112
-20743
11794
28519
-5273
-19199
15866
7353
25060
25254
-26617
-19277
-28795
1817
4121
-30203
-29738
16662
1388
27949
375
-13122
-883
-26784
18499
-15198
-8608
29845
-518
-10210
-30227
30849
-25129
18074
-27129
2970
31423
9297
-2280
26253
-29976
-30037
-17256
-7253
-22734
-9378
16636
-6348
15249
10959
-2524
155
-5837
15206
28565
20504
17998
12514
27402
-29410
-17724
18386
24352
17306
29691
27324
-30934
-241
-29273
29602
31361
9191
-10156
17894
7360
10390
6648
-20026
7133
-18070
16354
16355
16378
4893
-17228
-26473
-30616
-30326
14431
14348
28735
-16106
-13514
-31403
-17302
-25930
14480
12284
-7122
13207
167
-4923
31857
-23851
-21364
18330
